"GET /cmaf/live-ull/2006350/akambr/out.mpd?stall=stall HTTP/1.1" 200 -
"GET /cmaf/live-ull/2006350/akambr/1705885202/init-stream_5.m4s?stall=stall HTTP/1.1" 200 -
"GET /cmaf/live-ull/2006350/akambr/1705885202/init-stream_7.m4s?stall=stall HTTP/1.1" 200 -
"GET /cmaf/live-ull/2006350/akambr/1705885202/chunk-stream_5-19259.m4s?stall=stall HTTP/1.1" 200 -
"GET /cmaf/live-ull/2006350/akambr/1705885202/chunk-stream_7-19259.m4s?stall=stall HTTP/1.1" 200 -
"GET /cmaf/live-ull/2006350/akambr/1705885202/init-stream_3.m4s?stall=stall HTTP/1.1" 200 -
"GET /cmaf/live-ull/2006350/akambr/1705885202/chunk-stream_7-19260.m4s?stall=stall HTTP/1.1" 200 -
"GET /cmaf/live-ull/2006350/akambr/1705885202/chunk-stream_3-19260.m4s?stall=stall,1.55,2.67,1.1199999999999999 HTTP/1.1" 200 -
"GET /cmaf/live-ull/2006350/akambr/1705885202/chunk-stream_7-19261.m4s?stall=stall,1.55,2.67,1.1199999999999999,3.04,3.28,0.23999999999999977 HTTP/1.1" 200 -
"GET /cmaf/live-ull/2006350/akambr/1705885202/init-stream_6.m4s?stall=stall,1.55,2.67,1.1199999999999999,3.04,3.28,0.23999999999999977 HTTP/1.1" 200 -
"GET /cmaf/live-ull/2006350/akambr/1705885202/chunk-stream_6-19261.m4s?stall=stall,1.55,2.67,1.1199999999999999,3.04,3.28,0.23999999999999977,5.31,5.56,0.25 HTTP/1.1" 200 -
"GET /cmaf/live-ull/2006350/akambr/1705885202/init-stream_4.m4s?stall=stall,1.55,2.67,1.1199999999999999,3.04,3.28,0.23999999999999977,5.31,5.56,0.25 HTTP/1.1" 200 -
"GET /cmaf/live-ull/2006350/akambr/1705885202/chunk-stream_7-19262.m4s?stall=stall,1.55,2.67,1.1199999999999999,3.04,3.28,0.23999999999999977,5.31,5.56,0.25 HTTP/1.1" 200 -
"GET /cmaf/live-ull/2006350/akambr/1705885202/chunk-stream_7-19263.m4s?stall=stall,1.55,2.67,1.1199999999999999,3.04,3.28,0.23999999999999977,5.31,5.56,0.25 HTTP/1.1" 200 -
"GET /cmaf/live-ull/2006350/akambr/1705885202/chunk-stream_4-19261.m4s?stall=stall,1.55,2.67,1.1199999999999999,3.04,3.28,0.23999999999999977,5.31,5.56,0.25 HTTP/1.1" 200 -
"GET /cmaf/live-ull/2006350/akambr/1705885202/init-stream_6.m4s?stall=stall,1.55,2.67,1.1199999999999999,3.04,3.28,0.23999999999999977,5.31,5.56,0.25,12.42,12.67,0.25 HTTP/1.1" 200 -
"GET /cmaf/live-ull/2006350/akambr/1705885202/chunk-stream_6-19262.m4s?stall=stall,1.55,2.67,1.1199999999999999,3.04,3.28,0.23999999999999977,5.31,5.56,0.25,12.42,12.67,0.25 HTTP/1.1" 200 -
"GET /cmaf/live-ull/2006350/akambr/1705885202/chunk-stream_6-19263.m4s?stall=stall,1.55,2.67,1.1199999999999999,3.04,3.28,0.23999999999999977,5.31,5.56,0.25,12.42,12.67,0.25 HTTP/1.1" 200 -
"GET /cmaf/live-ull/2006350/akambr/1705885202/chunk-stream_6-19264.m4s?stall=stall,1.55,2.67,1.1199999999999999,3.04,3.28,0.23999999999999977,5.31,5.56,0.25,12.42,12.67,0.25 HTTP/1.1" 200 -
"GET /cmaf/live-ull/2006350/akambr/1705885202/chunk-stream_7-19264.m4s?stall=stall,1.55,2.67,1.1199999999999999,3.04,3.28,0.23999999999999977,5.31,5.56,0.25,12.42,12.67,0.25 HTTP/1.1" 200 -
"GET /cmaf/live-ull/2006350/akambr/1705885202/chunk-stream_6-19265.m4s?stall=stall,1.55,2.67,1.1199999999999999,3.04,3.28,0.23999999999999977,5.31,5.56,0.25,12.42,12.67,0.25,23.09,23.34,0.25 HTTP/1.1" 200 -
"GET /cmaf/live-ull/2006350/akambr/1705885202/chunk-stream_7-19265.m4s?stall=stall,1.55,2.67,1.1199999999999999,3.04,3.28,0.23999999999999977,5.31,5.56,0.25,12.42,12.67,0.25,23.09,23.34,0.25 HTTP/1.1" 200 -
"GET /cmaf/live-ull/2006350/akambr/1705885202/chunk-stream_7-19266.m4s?stall=stall,1.55,2.67,1.1199999999999999,3.04,3.28,0.23999999999999977,5.31,5.56,0.25,12.42,12.67,0.25,23.09,23.34,0.25 HTTP/1.1" 200 -
"GET /cmaf/live-ull/2006350/akambr/1705885202/chunk-stream_6-19266.m4s?stall=stall,1.55,2.67,1.1199999999999999,3.04,3.28,0.23999999999999977,5.31,5.56,0.25,12.42,12.67,0.25,23.09,23.34,0.25 HTTP/1.1" 200 -
"GET /cmaf/live-ull/2006350/akambr/1705885202/init-stream_6.m4s?stall=stall,1.55,2.67,1.1199999999999999,3.04,3.28,0.23999999999999977,5.31,5.56,0.25,12.42,12.67,0.25,23.09,23.34,0.25,36.29,36.54,0.25,39.93,39.95,0.020000000000003126,39.97,39.97,0 HTTP/1.1" 200 -
"GET /cmaf/live-ull/2006350/akambr/1705885202/init-stream_7.m4s?stall=stall,1.55,2.67,1.1199999999999999,3.04,3.28,0.23999999999999977,5.31,5.56,0.25,12.42,12.67,0.25,23.09,23.34,0.25,36.29,36.54,0.25,39.93,39.95,0.020000000000003126,39.97,39.97,0 HTTP/1.1" 200 -
"GET /cmaf/live-ull/2006350/akambr/1705885202/chunk-stream_6-19267.m4s?stall=stall,1.55,2.67,1.1199999999999999,3.04,3.28,0.23999999999999977,5.31,5.56,0.25,12.42,12.67,0.25,23.09,23.34,0.25,36.29,36.54,0.25 HTTP/1.1" 200 -
"GET /cmaf/live-ull/2006350/akambr/1705885202/init-stream_6.m4s?stall=stall,1.55,2.67,1.1199999999999999,3.04,3.28,0.23999999999999977,5.31,5.56,0.25,12.42,12.67,0.25,23.09,23.34,0.25,36.29,36.54,0.25,39.93,39.95,0.020000000000003126,39.97,39.97,0 HTTP/1.1" 200 -
"GET /cmaf/live-ull/2006350/akambr/1705885202/init-stream_7.m4s?stall=stall,1.55,2.67,1.1199999999999999,3.04,3.28,0.23999999999999977,5.31,5.56,0.25,12.42,12.67,0.25,23.09,23.34,0.25,36.29,36.54,0.25,39.93,39.95,0.020000000000003126,39.97,39.97,0 HTTP/1.1" 200 -
