"GET /cmaf/live-ull/2006350/akambr/out.mpd?stall=stall HTTP/1.1" 200 -
"GET /cmaf/live-ull/2006350/akambr/1705885202/init-stream_7.m4s?stall=stall HTTP/1.1" 200 -
"GET /cmaf/live-ull/2006350/akambr/1705885202/init-stream_5.m4s?stall=stall HTTP/1.1" 200 -
"GET /cmaf/live-ull/2006350/akambr/1705885202/chunk-stream_7-19260.m4s?stall=stall HTTP/1.1" 200 -
"GET /cmaf/live-ull/2006350/akambr/1705885202/chunk-stream_5-19260.m4s?stall=stall HTTP/1.1" 200 -
"GET /cmaf/live-ull/2006350/akambr/1705885202/chunk-stream_7-19261.m4s?stall=stall HTTP/1.1" 200 -
"GET /cmaf/live-ull/2006350/akambr/1705885202/init-stream_4.m4s?stall=stall,2.45,4.15,1.7000000000000002 HTTP/1.1" 200 -
"GET /cmaf/live-ull/2006350/akambr/1705885202/chunk-stream_4-19261.m4s?stall=stall,2.45,4.15,1.7000000000000002 HTTP/1.1" 200 -
"GET /cmaf/live-ull/2006350/akambr/1705885202/chunk-stream_7-19262.m4s?stall=stall,2.45,4.15,1.7000000000000002 HTTP/1.1" 200 -
"GET /cmaf/live-ull/2006350/akambr/1705885202/chunk-stream_4-19262.m4s?stall=stall,2.45,4.15,1.7000000000000002 HTTP/1.1" 200 -
"GET /cmaf/live-ull/2006350/akambr/1705885202/chunk-stream_7-19263.m4s?stall=stall,2.45,4.15,1.7000000000000002 HTTP/1.1" 200 -
"GET /cmaf/live-ull/2006350/akambr/1705885202/chunk-stream_4-19263.m4s?stall=stall,2.45,4.15,1.7000000000000002 HTTP/1.1" 200 -
"GET /cmaf/live-ull/2006350/akambr/1705885202/chunk-stream_7-19264.m4s?stall=stall,2.45,4.15,1.7000000000000002,8.96,9.21,0.25 HTTP/1.1" 200 -
"GET /cmaf/live-ull/2006350/akambr/1705885202/init-stream_6.m4s?stall=stall,2.45,4.15,1.7000000000000002,8.96,9.21,0.25 HTTP/1.1" 200 -
"GET /cmaf/live-ull/2006350/akambr/1705885202/chunk-stream_7-19265.m4s?stall=stall,2.45,4.15,1.7000000000000002,8.96,9.21,0.25,13.12,13.37,0.25 HTTP/1.1" 200 -
"GET /cmaf/live-ull/2006350/akambr/1705885202/chunk-stream_6-19264.m4s?stall=stall,2.45,4.15,1.7000000000000002,8.96,9.21,0.25,13.12,13.37,0.25 HTTP/1.1" 200 -
"GET /cmaf/live-ull/2006350/akambr/1705885202/chunk-stream_6-19265.m4s?stall=stall,2.45,4.15,1.7000000000000002,8.96,9.21,0.25,13.12,13.37,0.25,16.39,16.64,0.25 HTTP/1.1" 200 -
"GET /cmaf/live-ull/2006350/akambr/1705885202/chunk-stream_7-19266.m4s?stall=stall,2.45,4.15,1.7000000000000002,8.96,9.21,0.25,13.12,13.37,0.25,16.39,16.64,0.25 HTTP/1.1" 200 -
"GET /cmaf/live-ull/2006350/akambr/1705885202/chunk-stream_6-19266.m4s?stall=stall,2.45,4.15,1.7000000000000002,8.96,9.21,0.25,13.12,13.37,0.25,16.39,16.64,0.25 HTTP/1.1" 200 -
"GET /cmaf/live-ull/2006350/akambr/1705885202/chunk-stream_7-19267.m4s?stall=stall,2.45,4.15,1.7000000000000002,8.96,9.21,0.25,13.12,13.37,0.25,16.39,16.64,0.25,23.82,24.06,0.23999999999999844 HTTP/1.1" 200 -
"GET /cmaf/live-ull/2006350/akambr/1705885202/chunk-stream_6-19267.m4s?stall=stall,2.45,4.15,1.7000000000000002,8.96,9.21,0.25,13.12,13.37,0.25,16.39,16.64,0.25,23.82,24.06,0.23999999999999844 HTTP/1.1" 200 -
"GET /cmaf/live-ull/2006350/akambr/1705885202/chunk-stream_6-19268.m4s?stall=stall,2.45,4.15,1.7000000000000002,8.96,9.21,0.25,13.12,13.37,0.25,16.39,16.64,0.25,23.82,24.06,0.23999999999999844 HTTP/1.1" 200 -
"GET /cmaf/live-ull/2006350/akambr/1705885202/chunk-stream_7-19268.m4s?stall=stall,2.45,4.15,1.7000000000000002,8.96,9.21,0.25,13.12,13.37,0.25,16.39,16.64,0.25,23.82,24.06,0.23999999999999844 HTTP/1.1" 200 -
"GET /cmaf/live-ull/2006350/akambr/1705885202/chunk-stream_7-19269.m4s?stall=stall,2.45,4.15,1.7000000000000002,8.96,9.21,0.25,13.12,13.37,0.25,16.39,16.64,0.25,23.82,24.06,0.23999999999999844,34.03,34.28,0.25 HTTP/1.1" 200 -
"GET /cmaf/live-ull/2006350/akambr/1705885202/chunk-stream_6-19269.m4s?stall=stall,2.45,4.15,1.7000000000000002,8.96,9.21,0.25,13.12,13.37,0.25,16.39,16.64,0.25,23.82,24.06,0.23999999999999844,34.03,34.28,0.25 HTTP/1.1" 200 -
"GET /cmaf/live-ull/2006350/akambr/1705885202/chunk-stream_6-19270.m4s?stall=stall,2.45,4.15,1.7000000000000002,8.96,9.21,0.25,13.12,13.37,0.25,16.39,16.64,0.25,23.82,24.06,0.23999999999999844,34.03,34.28,0.25 HTTP/1.1" 200 -
"GET /cmaf/live-ull/2006350/akambr/1705885202/init-stream_7.m4s?stall=stall,2.45,4.15,1.7000000000000002,8.96,9.21,0.25,13.12,13.37,0.25,16.39,16.64,0.25,23.82,24.06,0.23999999999999844,34.03,34.28,0.25 HTTP/1.1" 200 -
"GET /cmaf/live-ull/2006350/akambr/1705885202/init-stream_6.m4s?stall=stall,2.45,4.15,1.7000000000000002,8.96,9.21,0.25,13.12,13.37,0.25,16.39,16.64,0.25,23.82,24.06,0.23999999999999844,34.03,34.28,0.25 HTTP/1.1" 200 -
"GET /cmaf/live-ull/2006350/akambr/1705885202/chunk-stream_7-19270.m4s?stall=stall,2.45,4.15,1.7000000000000002,8.96,9.21,0.25,13.12,13.37,0.25,16.39,16.64,0.25,23.82,24.06,0.23999999999999844,34.03,34.28,0.25 HTTP/1.1" 200 -
