"GET /cmaf/live-ull/2006350/akambr/out.mpd?stall=stall HTTP/1.1" 200 -
"GET /cmaf/live-ull/2006350/akambr/1705885202/init-stream_5.m4s?stall=stall HTTP/1.1" 200 -
"GET /cmaf/live-ull/2006350/akambr/1705885202/init-stream_7.m4s?stall=stall HTTP/1.1" 200 -
"GET /cmaf/live-ull/2006350/akambr/1705885202/chunk-stream_5-19260.m4s?stall=stall HTTP/1.1" 200 -
"GET /cmaf/live-ull/2006350/akambr/1705885202/chunk-stream_7-19260.m4s?stall=stall HTTP/1.1" 200 -
"GET /cmaf/live-ull/2006350/akambr/1705885202/init-stream_3.m4s?stall=stall HTTP/1.1" 200 -
"GET /cmaf/live-ull/2006350/akambr/1705885202/chunk-stream_7-19261.m4s?stall=stall HTTP/1.1" 200 -
"GET /cmaf/live-ull/2006350/akambr/1705885202/chunk-stream_3-19261.m4s?stall=stall,2.41,3.51,1.0999999999999996 HTTP/1.1" 200 -
"GET /cmaf/live-ull/2006350/akambr/1705885202/chunk-stream_7-19262.m4s?stall=stall,2.41,3.51,1.0999999999999996,4.21,4.46,0.25 HTTP/1.1" 200 -
"GET /cmaf/live-ull/2006350/akambr/1705885202/init-stream_6.m4s?stall=stall,2.41,3.51,1.0999999999999996,4.21,4.46,0.25,6.77,7.02,0.25 HTTP/1.1" 200 -
"GET /cmaf/live-ull/2006350/akambr/1705885202/chunk-stream_6-19262.m4s?stall=stall,2.41,3.51,1.0999999999999996,4.21,4.46,0.25,6.77,7.02,0.25 HTTP/1.1" 200 -
"GET /cmaf/live-ull/2006350/akambr/1705885202/chunk-stream_6-19263.m4s?stall=stall,2.41,3.51,1.0999999999999996,4.21,4.46,0.25,6.77,7.02,0.25 HTTP/1.1" 200 -
"GET /cmaf/live-ull/2006350/akambr/1705885202/chunk-stream_7-19263.m4s?stall=stall,2.41,3.51,1.0999999999999996,4.21,4.46,0.25,6.77,7.02,0.25 HTTP/1.1" 200 -
"GET /cmaf/live-ull/2006350/akambr/1705885202/chunk-stream_7-19264.m4s?stall=stall,2.41,3.51,1.0999999999999996,4.21,4.46,0.25,6.77,7.02,0.25,14.02,14.27,0.25 HTTP/1.1" 200 -
"GET /cmaf/live-ull/2006350/akambr/1705885202/chunk-stream_6-19264.m4s?stall=stall,2.41,3.51,1.0999999999999996,4.21,4.46,0.25,6.77,7.02,0.25 HTTP/1.1" 200 -
"GET /cmaf/live-ull/2006350/akambr/1705885202/chunk-stream_6-19265.m4s?stall=stall,2.41,3.51,1.0999999999999996,4.21,4.46,0.25,6.77,7.02,0.25,14.02,14.27,0.25,17.31,17.55,0.240000000000002 HTTP/1.1" 200 -
"GET /cmaf/live-ull/2006350/akambr/1705885202/chunk-stream_7-19265.m4s?stall=stall,2.41,3.51,1.0999999999999996,4.21,4.46,0.25,6.77,7.02,0.25,14.02,14.27,0.25,17.31,17.55,0.240000000000002 HTTP/1.1" 200 -
"GET /cmaf/live-ull/2006350/akambr/1705885202/chunk-stream_6-19266.m4s?stall=stall,2.41,3.51,1.0999999999999996,4.21,4.46,0.25,6.77,7.02,0.25,14.02,14.27,0.25,17.31,17.55,0.240000000000002 HTTP/1.1" 200 -
"GET /cmaf/live-ull/2006350/akambr/1705885202/chunk-stream_7-19266.m4s?stall=stall,2.41,3.51,1.0999999999999996,4.21,4.46,0.25,6.77,7.02,0.25,14.02,14.27,0.25,17.31,17.55,0.240000000000002 HTTP/1.1" 200 -
"GET /cmaf/live-ull/2006350/akambr/1705885202/chunk-stream_6-19267.m4s?stall=stall,2.41,3.51,1.0999999999999996,4.21,4.46,0.25,6.77,7.02,0.25,14.02,14.27,0.25,17.31,17.55,0.240000000000002 HTTP/1.1" 200 -
"GET /cmaf/live-ull/2006350/akambr/1705885202/chunk-stream_7-19267.m4s?stall=stall,2.41,3.51,1.0999999999999996,4.21,4.46,0.25,6.77,7.02,0.25,14.02,14.27,0.25,17.31,17.55,0.240000000000002,29.51,29.76,0.25 HTTP/1.1" 200 -
"GET /cmaf/live-ull/2006350/akambr/1705885202/chunk-stream_6-19268.m4s?stall=stall,2.41,3.51,1.0999999999999996,4.21,4.46,0.25,6.77,7.02,0.25,14.02,14.27,0.25,17.31,17.55,0.240000000000002,29.51,29.76,0.25 HTTP/1.1" 200 -
"GET /cmaf/live-ull/2006350/akambr/1705885202/chunk-stream_7-19268.m4s?stall=stall,2.41,3.51,1.0999999999999996,4.21,4.46,0.25,6.77,7.02,0.25,14.02,14.27,0.25,17.31,17.55,0.240000000000002,29.51,29.76,0.25 HTTP/1.1" 200 -
"GET /cmaf/live-ull/2006350/akambr/1705885202/chunk-stream_6-19269.m4s?stall=stall,2.41,3.51,1.0999999999999996,4.21,4.46,0.25,6.77,7.02,0.25,14.02,14.27,0.25,17.31,17.55,0.240000000000002,29.51,29.76,0.25 HTTP/1.1" 200 -
"GET /cmaf/live-ull/2006350/akambr/1705885202/init-stream_6.m4s?stall=stall,2.41,3.51,1.0999999999999996,4.21,4.46,0.25,6.77,7.02,0.25,14.02,14.27,0.25,17.31,17.55,0.240000000000002,29.51,29.76,0.25 HTTP/1.1" 200 -
"GET /cmaf/live-ull/2006350/akambr/1705885202/init-stream_7.m4s?stall=stall,2.41,3.51,1.0999999999999996,4.21,4.46,0.25,6.77,7.02,0.25,14.02,14.27,0.25,17.31,17.55,0.240000000000002,29.51,29.76,0.25 HTTP/1.1" 200 -
