"GET /cmaf/live-ull/2006350/akambr/out.mpd?stall=stall HTTP/1.1" 200 -
"GET /cmaf/live-ull/2006350/akambr/1705885202/init-stream_7.m4s?stall=stall HTTP/1.1" 200 -
"GET /cmaf/live-ull/2006350/akambr/1705885202/init-stream_5.m4s?stall=stall HTTP/1.1" 200 -
"GET /cmaf/live-ull/2006350/akambr/1705885202/chunk-stream_7-19260.m4s?stall=stall HTTP/1.1" 200 -
"GET /cmaf/live-ull/2006350/akambr/1705885202/chunk-stream_5-19260.m4s?stall=stall HTTP/1.1" 200 -
"GET /cmaf/live-ull/2006350/akambr/1705885202/chunk-stream_7-19261.m4s?stall=stall HTTP/1.1" 200 -
"GET /cmaf/live-ull/2006350/akambr/1705885202/init-stream_4.m4s?stall=stall HTTP/1.1" 200 -
"GET /cmaf/live-ull/2006350/akambr/1705885202/chunk-stream_4-19261.m4s?stall=stall,2.38,4.48,2.1000000000000005 HTTP/1.1" 200 -
"GET /cmaf/live-ull/2006350/akambr/1705885202/chunk-stream_7-19262.m4s?stall=stall,2.38,4.48,2.1000000000000005 HTTP/1.1" 200 -
"GET /cmaf/live-ull/2006350/akambr/1705885202/init-stream_6.m4s?stall=stall,2.38,4.48,2.1000000000000005,6.62,6.87,0.25 HTTP/1.1" 200 -
"GET /cmaf/live-ull/2006350/akambr/1705885202/chunk-stream_6-19262.m4s?stall=stall,2.38,4.48,2.1000000000000005,6.62,6.87,0.25 HTTP/1.1" 200 -
"GET /cmaf/live-ull/2006350/akambr/1705885202/chunk-stream_7-19263.m4s?stall=stall,2.38,4.48,2.1000000000000005,6.62,6.87,0.25 HTTP/1.1" 200 -
"GET /cmaf/live-ull/2006350/akambr/1705885202/chunk-stream_6-19263.m4s?stall=stall,2.38,4.48,2.1000000000000005,6.62,6.87,0.25 HTTP/1.1" 200 -
"GET /cmaf/live-ull/2006350/akambr/1705885202/chunk-stream_6-19264.m4s?stall=stall,2.38,4.48,2.1000000000000005,6.62,6.87,0.25 HTTP/1.1" 200 -
"GET /cmaf/live-ull/2006350/akambr/1705885202/chunk-stream_7-19264.m4s?stall=stall,2.38,4.48,2.1000000000000005,6.62,6.87,0.25 HTTP/1.1" 200 -
"GET /cmaf/live-ull/2006350/akambr/1705885202/chunk-stream_6-19265.m4s?stall=stall,2.38,4.48,2.1000000000000005,6.62,6.87,0.25,14.51,14.76,0.25 HTTP/1.1" 200 -
"GET /cmaf/live-ull/2006350/akambr/1705885202/chunk-stream_7-19265.m4s?stall=stall,2.38,4.48,2.1000000000000005,6.62,6.87,0.25,14.51,14.76,0.25 HTTP/1.1" 200 -
"GET /cmaf/live-ull/2006350/akambr/1705885202/chunk-stream_6-19266.m4s?stall=stall,2.38,4.48,2.1000000000000005,6.62,6.87,0.25,14.51,14.76,0.25 HTTP/1.1" 200 -
"GET /cmaf/live-ull/2006350/akambr/1705885202/chunk-stream_7-19266.m4s?stall=stall,2.38,4.48,2.1000000000000005,6.62,6.87,0.25,14.51,14.76,0.25 HTTP/1.1" 200 -
"GET /cmaf/live-ull/2006350/akambr/1705885202/chunk-stream_7-19267.m4s?stall=stall,2.38,4.48,2.1000000000000005,6.62,6.87,0.25,14.51,14.76,0.25,19.35,19.61,0.259999999999998 HTTP/1.1" 200 -
"GET /cmaf/live-ull/2006350/akambr/1705885202/chunk-stream_6-19267.m4s?stall=stall,2.38,4.48,2.1000000000000005,6.62,6.87,0.25,14.51,14.76,0.25,19.35,19.61,0.259999999999998 HTTP/1.1" 200 -
"GET /cmaf/live-ull/2006350/akambr/1705885202/chunk-stream_7-19268.m4s?stall=stall,2.38,4.48,2.1000000000000005,6.62,6.87,0.25,14.51,14.76,0.25,19.35,19.61,0.259999999999998,21.81,22.06,0.25 HTTP/1.1" 200 -
"GET /cmaf/live-ull/2006350/akambr/1705885202/chunk-stream_6-19268.m4s?stall=stall,2.38,4.48,2.1000000000000005,6.62,6.87,0.25,14.51,14.76,0.25,19.35,19.61,0.259999999999998,21.81,22.06,0.25 HTTP/1.1" 200 -
"GET /cmaf/live-ull/2006350/akambr/1705885202/chunk-stream_7-19269.m4s?stall=stall,2.38,4.48,2.1000000000000005,6.62,6.87,0.25,14.51,14.76,0.25,19.35,19.61,0.259999999999998,21.81,22.06,0.25 HTTP/1.1" 200 -
"GET /cmaf/live-ull/2006350/akambr/1705885202/chunk-stream_6-19269.m4s?stall=stall,2.38,4.48,2.1000000000000005,6.62,6.87,0.25,14.51,14.76,0.25,19.35,19.61,0.259999999999998,21.81,22.06,0.25 HTTP/1.1" 200 -
"GET /cmaf/live-ull/2006350/akambr/1705885202/chunk-stream_6-19270.m4s?stall=stall,2.38,4.48,2.1000000000000005,6.62,6.87,0.25,14.51,14.76,0.25,19.35,19.61,0.259999999999998,21.81,22.06,0.25,34.31,34.56,0.25 HTTP/1.1" 200 -
"GET /cmaf/live-ull/2006350/akambr/1705885202/init-stream_7.m4s?stall=stall,2.38,4.48,2.1000000000000005,6.62,6.87,0.25,14.51,14.76,0.25,19.35,19.61,0.259999999999998,21.81,22.06,0.25,34.31,34.56,0.25,44.15,44.16,0.00999999999999801 HTTP/1.1" 200 -
"GET /cmaf/live-ull/2006350/akambr/1705885202/init-stream_6.m4s?stall=stall,2.38,4.48,2.1000000000000005,6.62,6.87,0.25,14.51,14.76,0.25,19.35,19.61,0.259999999999998,21.81,22.06,0.25,34.31,34.56,0.25 HTTP/1.1" 200 -
"GET /cmaf/live-ull/2006350/akambr/1705885202/init-stream_6.m4s?stall=stall,2.38,4.48,2.1000000000000005,6.62,6.87,0.25,14.51,14.76,0.25,19.35,19.61,0.259999999999998,21.81,22.06,0.25,34.31,34.56,0.25,44.15,44.16,0.00999999999999801 HTTP/1.1" 200 -
"GET /cmaf/live-ull/2006350/akambr/1705885202/init-stream_7.m4s?stall=stall,2.38,4.48,2.1000000000000005,6.62,6.87,0.25,14.51,14.76,0.25,19.35,19.61,0.259999999999998,21.81,22.06,0.25,34.31,34.56,0.25 HTTP/1.1" 200 -
