"GET /cmaf/live-ull/2006350/akambr/out.mpd?stall=stall HTTP/1.1" 200 -
"GET /cmaf/live-ull/2006350/akambr/1705885202/init-stream_5.m4s?stall=stall HTTP/1.1" 200 -
"GET /cmaf/live-ull/2006350/akambr/1705885202/init-stream_7.m4s?stall=stall HTTP/1.1" 200 -
"GET /cmaf/live-ull/2006350/akambr/1705885202/chunk-stream_7-19261.m4s?stall=stall HTTP/1.1" 200 -
"GET /cmaf/live-ull/2006350/akambr/1705885202/chunk-stream_5-19261.m4s?stall=stall HTTP/1.1" 200 -
"GET /cmaf/live-ull/2006350/akambr/1705885202/chunk-stream_7-19262.m4s?stall=stall HTTP/1.1" 200 -
"GET /cmaf/live-ull/2006350/akambr/1705885202/init-stream_4.m4s?stall=stall HTTP/1.1" 200 -
"GET /cmaf/live-ull/2006350/akambr/1705885202/chunk-stream_7-19263.m4s?stall=stall,2.92,4.61,1.6900000000000004,4.81,5.06,0.25 HTTP/1.1" 200 -
"GET /cmaf/live-ull/2006350/akambr/1705885202/chunk-stream_4-19262.m4s?stall=stall,2.92,4.61,1.6900000000000004,4.81,5.06,0.25 HTTP/1.1" 200 -
"GET /cmaf/live-ull/2006350/akambr/1705885202/init-stream_6.m4s?stall=stall,2.92,4.61,1.6900000000000004,4.81,5.06,0.25 HTTP/1.1" 200 -
"GET /cmaf/live-ull/2006350/akambr/1705885202/chunk-stream_7-19264.m4s?stall=stall,2.92,4.61,1.6900000000000004,4.81,5.06,0.25 HTTP/1.1" 200 -
"GET /cmaf/live-ull/2006350/akambr/1705885202/chunk-stream_6-19263.m4s?stall=stall,2.92,4.61,1.6900000000000004,4.81,5.06,0.25,8.46,8.72,0.2599999999999998 HTTP/1.1" 200 -
"GET /cmaf/live-ull/2006350/akambr/1705885202/chunk-stream_6-19264.m4s?stall=stall,2.92,4.61,1.6900000000000004,4.81,5.06,0.25,8.46,8.72,0.2599999999999998 HTTP/1.1" 200 -
"GET /cmaf/live-ull/2006350/akambr/1705885202/chunk-stream_7-19265.m4s?stall=stall,2.92,4.61,1.6900000000000004,4.81,5.06,0.25,8.46,8.72,0.2599999999999998 HTTP/1.1" 200 -
"GET /cmaf/live-ull/2006350/akambr/1705885202/chunk-stream_6-19265.m4s?stall=stall,2.92,4.61,1.6900000000000004,4.81,5.06,0.25,8.46,8.72,0.2599999999999998 HTTP/1.1" 200 -
"GET /cmaf/live-ull/2006350/akambr/1705885202/chunk-stream_7-19266.m4s?stall=stall,2.92,4.61,1.6900000000000004,4.81,5.06,0.25,8.46,8.72,0.2599999999999998,15.37,15.64,0.27000000000000135 HTTP/1.1" 200 -
"GET /cmaf/live-ull/2006350/akambr/1705885202/chunk-stream_6-19266.m4s?stall=stall,2.92,4.61,1.6900000000000004,4.81,5.06,0.25,8.46,8.72,0.2599999999999998,15.37,15.64,0.27000000000000135,17.42,17.65,0.22999999999999687 HTTP/1.1" 200 -
"GET /cmaf/live-ull/2006350/akambr/1705885202/chunk-stream_7-19267.m4s?stall=stall,2.92,4.61,1.6900000000000004,4.81,5.06,0.25,8.46,8.72,0.2599999999999998,15.37,15.64,0.27000000000000135,17.42,17.65,0.22999999999999687 HTTP/1.1" 200 -
"GET /cmaf/live-ull/2006350/akambr/1705885202/chunk-stream_6-19267.m4s?stall=stall,2.92,4.61,1.6900000000000004,4.81,5.06,0.25,8.46,8.72,0.2599999999999998,15.37,15.64,0.27000000000000135,17.42,17.65,0.22999999999999687 HTTP/1.1" 200 -
"GET /cmaf/live-ull/2006350/akambr/1705885202/chunk-stream_6-19268.m4s?stall=stall,2.92,4.61,1.6900000000000004,4.81,5.06,0.25,8.46,8.72,0.2599999999999998,15.37,15.64,0.27000000000000135,17.42,17.65,0.22999999999999687,25.59,25.84,0.25 HTTP/1.1" 200 -
"GET /cmaf/live-ull/2006350/akambr/1705885202/chunk-stream_7-19268.m4s?stall=stall,2.92,4.61,1.6900000000000004,4.81,5.06,0.25,8.46,8.72,0.2599999999999998,15.37,15.64,0.27000000000000135,17.42,17.65,0.22999999999999687,25.59,25.84,0.25 HTTP/1.1" 200 -
"GET /cmaf/live-ull/2006350/akambr/1705885202/chunk-stream_6-19269.m4s?stall=stall,2.92,4.61,1.6900000000000004,4.81,5.06,0.25,8.46,8.72,0.2599999999999998,15.37,15.64,0.27000000000000135,17.42,17.65,0.22999999999999687,25.59,25.84,0.25 HTTP/1.1" 200 -
"GET /cmaf/live-ull/2006350/akambr/1705885202/chunk-stream_7-19269.m4s?stall=stall,2.92,4.61,1.6900000000000004,4.81,5.06,0.25,8.46,8.72,0.2599999999999998,15.37,15.64,0.27000000000000135,17.42,17.65,0.22999999999999687,25.59,25.84,0.25 HTTP/1.1" 200 -
"GET /cmaf/live-ull/2006350/akambr/1705885202/init-stream_7.m4s?stall=stall,2.92,4.61,1.6900000000000004,4.81,5.06,0.25,8.46,8.72,0.2599999999999998,15.37,15.64,0.27000000000000135,17.42,17.65,0.22999999999999687,25.59,25.84,0.25,40.04,40.29,0.25 HTTP/1.1" 200 -
"GET /cmaf/live-ull/2006350/akambr/1705885202/init-stream_6.m4s?stall=stall,2.92,4.61,1.6900000000000004,4.81,5.06,0.25,8.46,8.72,0.2599999999999998,15.37,15.64,0.27000000000000135,17.42,17.65,0.22999999999999687,25.59,25.84,0.25,40.04,40.29,0.25 HTTP/1.1" 200 -
