"GET /cmaf/live-ull/2006350/akambr/out.mpd?stall=stall HTTP/1.1" 200 -
"GET /cmaf/live-ull/2006350/akambr/1705885202/init-stream_5.m4s?stall=stall HTTP/1.1" 200 -
"GET /cmaf/live-ull/2006350/akambr/1705885202/init-stream_7.m4s?stall=stall HTTP/1.1" 200 -
"GET /cmaf/live-ull/2006350/akambr/1705885202/chunk-stream_5-19262.m4s?stall=stall HTTP/1.1" 200 -
"GET /cmaf/live-ull/2006350/akambr/1705885202/chunk-stream_7-19262.m4s?stall=stall HTTP/1.1" 200 -
"GET /cmaf/live-ull/2006350/akambr/1705885202/init-stream_6.m4s?stall=stall HTTP/1.1" 200 -
"GET /cmaf/live-ull/2006350/akambr/1705885202/chunk-stream_7-19263.m4s?stall=stall HTTP/1.1" 200 -
"GET /cmaf/live-ull/2006350/akambr/1705885202/chunk-stream_6-19263.m4s?stall=stall,2.72,5.42,2.6999999999999997,5.97,6.22,0.25 HTTP/1.1" 200 -
"GET /cmaf/live-ull/2006350/akambr/1705885202/chunk-stream_7-19264.m4s?stall=stall,2.72,5.42,2.6999999999999997,5.97,6.22,0.25 HTTP/1.1" 200 -
"GET /cmaf/live-ull/2006350/akambr/1705885202/chunk-stream_6-19264.m4s?stall=stall,2.72,5.42,2.6999999999999997,5.97,6.22,0.25 HTTP/1.1" 200 -
"GET /cmaf/live-ull/2006350/akambr/1705885202/chunk-stream_7-19265.m4s?stall=stall,2.72,5.42,2.6999999999999997,5.97,6.22,0.25,10.71,10.95,0.23999999999999844 HTTP/1.1" 200 -
"GET /cmaf/live-ull/2006350/akambr/1705885202/chunk-stream_6-19265.m4s?stall=stall,2.72,5.42,2.6999999999999997,5.97,6.22,0.25,10.71,10.95,0.23999999999999844 HTTP/1.1" 200 -
"GET /cmaf/live-ull/2006350/akambr/1705885202/chunk-stream_7-19266.m4s?stall=stall,2.72,5.42,2.6999999999999997,5.97,6.22,0.25,10.71,10.95,0.23999999999999844,12.92,13.17,0.25 HTTP/1.1" 200 -
"GET /cmaf/live-ull/2006350/akambr/1705885202/chunk-stream_6-19266.m4s?stall=stall,2.72,5.42,2.6999999999999997,5.97,6.22,0.25,10.71,10.95,0.23999999999999844,12.92,13.17,0.25 HTTP/1.1" 200 -
"GET /cmaf/live-ull/2006350/akambr/1705885202/chunk-stream_7-19267.m4s?stall=stall,2.72,5.42,2.6999999999999997,5.97,6.22,0.25,10.71,10.95,0.23999999999999844,12.92,13.17,0.25,17.12,17.37,0.25 HTTP/1.1" 200 -
"GET /cmaf/live-ull/2006350/akambr/1705885202/chunk-stream_6-19267.m4s?stall=stall,2.72,5.42,2.6999999999999997,5.97,6.22,0.25,10.71,10.95,0.23999999999999844,12.92,13.17,0.25,17.12,17.37,0.25 HTTP/1.1" 200 -
"GET /cmaf/live-ull/2006350/akambr/1705885202/chunk-stream_7-19268.m4s?stall=stall,2.72,5.42,2.6999999999999997,5.97,6.22,0.25,10.71,10.95,0.23999999999999844,12.92,13.17,0.25,17.12,17.37,0.25 HTTP/1.1" 200 -
"GET /cmaf/live-ull/2006350/akambr/1705885202/chunk-stream_6-19268.m4s?stall=stall,2.72,5.42,2.6999999999999997,5.97,6.22,0.25,10.71,10.95,0.23999999999999844,12.92,13.17,0.25,17.12,17.37,0.25 HTTP/1.1" 200 -
"GET /cmaf/live-ull/2006350/akambr/1705885202/chunk-stream_7-19269.m4s?stall=stall,2.72,5.42,2.6999999999999997,5.97,6.22,0.25,10.71,10.95,0.23999999999999844,12.92,13.17,0.25,17.12,17.37,0.25,30.35,30.60,0.25 HTTP/1.1" 200 -
"GET /cmaf/live-ull/2006350/akambr/1705885202/chunk-stream_6-19269.m4s?stall=stall,2.72,5.42,2.6999999999999997,5.97,6.22,0.25,10.71,10.95,0.23999999999999844,12.92,13.17,0.25,17.12,17.37,0.25,30.35,30.60,0.25 HTTP/1.1" 200 -
"GET /cmaf/live-ull/2006350/akambr/1705885202/init-stream_6.m4s?stall=stall,2.72,5.42,2.6999999999999997,5.97,6.22,0.25,10.71,10.95,0.23999999999999844,12.92,13.17,0.25,17.12,17.37,0.25,30.35,30.60,0.25 HTTP/1.1" 200 -
"GET /cmaf/live-ull/2006350/akambr/1705885202/init-stream_7.m4s?stall=stall,2.72,5.42,2.6999999999999997,5.97,6.22,0.25,10.71,10.95,0.23999999999999844,12.92,13.17,0.25,17.12,17.37,0.25,30.35,30.60,0.25 HTTP/1.1" 200 -
