"GET /cmaf/live-ull/2006350/akambr/out.mpd?stall=stall HTTP/1.1" 200 -
"GET /cmaf/live-ull/2006350/akambr/1705885202/init-stream_5.m4s?stall=stall HTTP/1.1" 200 -
"GET /cmaf/live-ull/2006350/akambr/1705885202/init-stream_7.m4s?stall=stall HTTP/1.1" 200 -
"GET /cmaf/live-ull/2006350/akambr/1705885202/chunk-stream_7-19258.m4s?stall=stall HTTP/1.1" 200 -
"GET /cmaf/live-ull/2006350/akambr/1705885202/chunk-stream_5-19258.m4s?stall=stall HTTP/1.1" 200 -
"GET /cmaf/live-ull/2006350/akambr/1705885202/chunk-stream_7-19259.m4s?stall=stall HTTP/1.1" 200 -
"GET /cmaf/live-ull/2006350/akambr/1705885202/init-stream_4.m4s?stall=stall HTTP/1.1" 200 -
"GET /cmaf/live-ull/2006350/akambr/1705885202/chunk-stream_7-19260.m4s?stall=stall,1.36,3.05,1.6899999999999997 HTTP/1.1" 200 -
"GET /cmaf/live-ull/2006350/akambr/1705885202/chunk-stream_4-19259.m4s?stall=stall,1.36,3.05,1.6899999999999997 HTTP/1.1" 200 -
"GET /cmaf/live-ull/2006350/akambr/1705885202/chunk-stream_7-19261.m4s?stall=stall,1.36,3.05,1.6899999999999997 HTTP/1.1" 200 -
"GET /cmaf/live-ull/2006350/akambr/1705885202/init-stream_6.m4s?stall=stall,1.36,3.05,1.6899999999999997 HTTP/1.1" 200 -
"GET /cmaf/live-ull/2006350/akambr/1705885202/chunk-stream_6-19260.m4s?stall=stall,1.36,3.05,1.6899999999999997,6.09,6.35,0.2599999999999998 HTTP/1.1" 200 -
"GET /cmaf/live-ull/2006350/akambr/1705885202/chunk-stream_6-19261.m4s?stall=stall,1.36,3.05,1.6899999999999997,6.09,6.35,0.2599999999999998 HTTP/1.1" 200 -
"GET /cmaf/live-ull/2006350/akambr/1705885202/init-stream_5.m4s?stall=stall,1.36,3.05,1.6899999999999997,6.09,6.35,0.2599999999999998 HTTP/1.1" 200 -
"GET /cmaf/live-ull/2006350/akambr/1705885202/chunk-stream_7-19262.m4s?stall=stall,1.36,3.05,1.6899999999999997,6.09,6.35,0.2599999999999998 HTTP/1.1" 200 -
"GET /cmaf/live-ull/2006350/akambr/1705885202/chunk-stream_5-19261.m4s?stall=stall,1.36,3.05,1.6899999999999997,6.09,6.35,0.2599999999999998 HTTP/1.1" 200 -
"GET /cmaf/live-ull/2006350/akambr/1705885202/chunk-stream_7-19263.m4s?stall=stall,1.36,3.05,1.6899999999999997,6.09,6.35,0.2599999999999998,11.45,11.70,0.25 HTTP/1.1" 200 -
"GET /cmaf/live-ull/2006350/akambr/1705885202/init-stream_6.m4s?stall=stall,1.36,3.05,1.6899999999999997,6.09,6.35,0.2599999999999998,11.45,11.70,0.25 HTTP/1.1" 200 -
"GET /cmaf/live-ull/2006350/akambr/1705885202/chunk-stream_6-19262.m4s?stall=stall,1.36,3.05,1.6899999999999997,6.09,6.35,0.2599999999999998,11.45,11.70,0.25,15.44,15.69,0.25 HTTP/1.1" 200 -
"GET /cmaf/live-ull/2006350/akambr/1705885202/chunk-stream_6-19263.m4s?stall=stall,1.36,3.05,1.6899999999999997,6.09,6.35,0.2599999999999998,11.45,11.70,0.25,15.44,15.69,0.25 HTTP/1.1" 200 -
"GET /cmaf/live-ull/2006350/akambr/1705885202/chunk-stream_6-19264.m4s?stall=stall,1.36,3.05,1.6899999999999997,6.09,6.35,0.2599999999999998,11.45,11.70,0.25,15.44,15.69,0.25 HTTP/1.1" 200 -
"GET /cmaf/live-ull/2006350/akambr/1705885202/chunk-stream_7-19264.m4s?stall=stall,1.36,3.05,1.6899999999999997,6.09,6.35,0.2599999999999998,11.45,11.70,0.25,15.44,15.69,0.25 HTTP/1.1" 200 -
"GET /cmaf/live-ull/2006350/akambr/1705885202/chunk-stream_6-19265.m4s?stall=stall,1.36,3.05,1.6899999999999997,6.09,6.35,0.2599999999999998,11.45,11.70,0.25,15.44,15.69,0.25,21.99,22.24,0.25 HTTP/1.1" 200 -
"GET /cmaf/live-ull/2006350/akambr/1705885202/chunk-stream_7-19265.m4s?stall=stall,1.36,3.05,1.6899999999999997,6.09,6.35,0.2599999999999998,11.45,11.70,0.25,15.44,15.69,0.25,21.99,22.24,0.25 HTTP/1.1" 200 -
"GET /cmaf/live-ull/2006350/akambr/1705885202/chunk-stream_6-19266.m4s?stall=stall,1.36,3.05,1.6899999999999997,6.09,6.35,0.2599999999999998,11.45,11.70,0.25,15.44,15.69,0.25,21.99,22.24,0.25 HTTP/1.1" 200 -
"GET /cmaf/live-ull/2006350/akambr/1705885202/chunk-stream_7-19266.m4s?stall=stall,1.36,3.05,1.6899999999999997,6.09,6.35,0.2599999999999998,11.45,11.70,0.25,15.44,15.69,0.25,21.99,22.24,0.25,29.71,29.96,0.25 HTTP/1.1" 200 -
"GET /cmaf/live-ull/2006350/akambr/1705885202/chunk-stream_6-19267.m4s?stall=stall,1.36,3.05,1.6899999999999997,6.09,6.35,0.2599999999999998,11.45,11.70,0.25,15.44,15.69,0.25,21.99,22.24,0.25,29.71,29.96,0.25 HTTP/1.1" 200 -
"GET /cmaf/live-ull/2006350/akambr/1705885202/chunk-stream_7-19267.m4s?stall=stall,1.36,3.05,1.6899999999999997,6.09,6.35,0.2599999999999998,11.45,11.70,0.25,15.44,15.69,0.25,21.99,22.24,0.25,29.71,29.96,0.25 HTTP/1.1" 200 -
"GET /cmaf/live-ull/2006350/akambr/1705885202/init-stream_7.m4s?stall=stall,1.36,3.05,1.6899999999999997,6.09,6.35,0.2599999999999998,11.45,11.70,0.25,15.44,15.69,0.25,21.99,22.24,0.25,29.71,29.96,0.25 HTTP/1.1" 200 -
"GET /cmaf/live-ull/2006350/akambr/1705885202/chunk-stream_6-19268.m4s?stall=stall,1.36,3.05,1.6899999999999997,6.09,6.35,0.2599999999999998,11.45,11.70,0.25,15.44,15.69,0.25,21.99,22.24,0.25,29.71,29.96,0.25 HTTP/1.1" 200 -
"GET /cmaf/live-ull/2006350/akambr/1705885202/init-stream_6.m4s?stall=stall,1.36,3.05,1.6899999999999997,6.09,6.35,0.2599999999999998,11.45,11.70,0.25,15.44,15.69,0.25,21.99,22.24,0.25,29.71,29.96,0.25 HTTP/1.1" 200 -
