"GET /cmaf/live-ull/2006350/akambr/out.mpd?stall=stall HTTP/1.1" 200 -
"GET /cmaf/live-ull/2006350/akambr/1705885202/init-stream_5.m4s?stall=stall HTTP/1.1" 200 -
"GET /cmaf/live-ull/2006350/akambr/1705885202/init-stream_7.m4s?stall=stall HTTP/1.1" 200 -
"GET /cmaf/live-ull/2006350/akambr/1705885202/chunk-stream_5-19259.m4s?stall=stall HTTP/1.1" 200 -
"GET /cmaf/live-ull/2006350/akambr/1705885202/chunk-stream_7-19259.m4s?stall=stall HTTP/1.1" 200 -
"GET /cmaf/live-ull/2006350/akambr/1705885202/init-stream_3.m4s?stall=stall HTTP/1.1" 200 -
"GET /cmaf/live-ull/2006350/akambr/1705885202/chunk-stream_7-19260.m4s?stall=stall HTTP/1.1" 200 -
"GET /cmaf/live-ull/2006350/akambr/1705885202/chunk-stream_3-19260.m4s?stall=stall,1.80,3.13,1.3299999999999998 HTTP/1.1" 200 -
"GET /cmaf/live-ull/2006350/akambr/1705885202/chunk-stream_7-19261.m4s?stall=stall,1.80,3.13,1.3299999999999998,3.43,3.68,0.25 HTTP/1.1" 200 -
"GET /cmaf/live-ull/2006350/akambr/1705885202/init-stream_6.m4s?stall=stall,1.80,3.13,1.3299999999999998,3.43,3.68,0.25 HTTP/1.1" 200 -
"GET /cmaf/live-ull/2006350/akambr/1705885202/chunk-stream_7-19262.m4s?stall=stall,1.80,3.13,1.3299999999999998,3.43,3.68,0.25 HTTP/1.1" 200 -
"GET /cmaf/live-ull/2006350/akambr/1705885202/chunk-stream_6-19261.m4s?stall=stall,1.80,3.13,1.3299999999999998,3.43,3.68,0.25 HTTP/1.1" 200 -
"GET /cmaf/live-ull/2006350/akambr/1705885202/chunk-stream_7-19263.m4s?stall=stall,1.80,3.13,1.3299999999999998,3.43,3.68,0.25 HTTP/1.1" 200 -
"GET /cmaf/live-ull/2006350/akambr/1705885202/chunk-stream_6-19262.m4s?stall=stall,1.80,3.13,1.3299999999999998,3.43,3.68,0.25 HTTP/1.1" 200 -
"GET /cmaf/live-ull/2006350/akambr/1705885202/init-stream_5.m4s?stall=stall,1.80,3.13,1.3299999999999998,3.43,3.68,0.25,8.91,9.17,0.2599999999999998 HTTP/1.1" 200 -
"GET /cmaf/live-ull/2006350/akambr/1705885202/chunk-stream_7-19264.m4s?stall=stall,1.80,3.13,1.3299999999999998,3.43,3.68,0.25,8.91,9.17,0.2599999999999998 HTTP/1.1" 200 -
"GET /cmaf/live-ull/2006350/akambr/1705885202/chunk-stream_5-19263.m4s?stall=stall,1.80,3.13,1.3299999999999998,3.43,3.68,0.25,8.91,9.17,0.2599999999999998 HTTP/1.1" 200 -
"GET /cmaf/live-ull/2006350/akambr/1705885202/init-stream_6.m4s?stall=stall,1.80,3.13,1.3299999999999998,3.43,3.68,0.25,8.91,9.17,0.2599999999999998,13.90,14.15,0.25 HTTP/1.1" 200 -
"GET /cmaf/live-ull/2006350/akambr/1705885202/chunk-stream_6-19264.m4s?stall=stall,1.80,3.13,1.3299999999999998,3.43,3.68,0.25,8.91,9.17,0.2599999999999998,13.90,14.15,0.25 HTTP/1.1" 200 -
"GET /cmaf/live-ull/2006350/akambr/1705885202/chunk-stream_7-19265.m4s?stall=stall,1.80,3.13,1.3299999999999998,3.43,3.68,0.25,8.91,9.17,0.2599999999999998,13.90,14.15,0.25 HTTP/1.1" 200 -
"GET /cmaf/live-ull/2006350/akambr/1705885202/chunk-stream_6-19265.m4s?stall=stall,1.80,3.13,1.3299999999999998,3.43,3.68,0.25,8.91,9.17,0.2599999999999998,13.90,14.15,0.25 HTTP/1.1" 200 -
"GET /cmaf/live-ull/2006350/akambr/1705885202/chunk-stream_6-19266.m4s?stall=stall,1.80,3.13,1.3299999999999998,3.43,3.68,0.25,8.91,9.17,0.2599999999999998,13.90,14.15,0.25,23.89,24.12,0.23000000000000043 HTTP/1.1" 200 -
"GET /cmaf/live-ull/2006350/akambr/1705885202/chunk-stream_7-19266.m4s?stall=stall,1.80,3.13,1.3299999999999998,3.43,3.68,0.25,8.91,9.17,0.2599999999999998,13.90,14.15,0.25,23.89,24.12,0.23000000000000043 HTTP/1.1" 200 -
"GET /cmaf/live-ull/2006350/akambr/1705885202/chunk-stream_6-19267.m4s?stall=stall,1.80,3.13,1.3299999999999998,3.43,3.68,0.25,8.91,9.17,0.2599999999999998,13.90,14.15,0.25,23.89,24.12,0.23000000000000043,28.84,29.09,0.25 HTTP/1.1" 200 -
"GET /cmaf/live-ull/2006350/akambr/1705885202/chunk-stream_7-19267.m4s?stall=stall,1.80,3.13,1.3299999999999998,3.43,3.68,0.25,8.91,9.17,0.2599999999999998,13.90,14.15,0.25,23.89,24.12,0.23000000000000043,28.84,29.09,0.25 HTTP/1.1" 200 -
"GET /cmaf/live-ull/2006350/akambr/1705885202/chunk-stream_6-19268.m4s?stall=stall,1.80,3.13,1.3299999999999998,3.43,3.68,0.25,8.91,9.17,0.2599999999999998,13.90,14.15,0.25,23.89,24.12,0.23000000000000043,28.84,29.09,0.25 HTTP/1.1" 200 -
"GET /cmaf/live-ull/2006350/akambr/1705885202/init-stream_6.m4s?stall=stall,1.80,3.13,1.3299999999999998,3.43,3.68,0.25,8.91,9.17,0.2599999999999998,13.90,14.15,0.25,23.89,24.12,0.23000000000000043,28.84,29.09,0.25,43.22,43.47,0.25 HTTP/1.1" 200 -
"GET /cmaf/live-ull/2006350/akambr/1705885202/chunk-stream_7-19268.m4s?stall=stall,1.80,3.13,1.3299999999999998,3.43,3.68,0.25,8.91,9.17,0.2599999999999998,13.90,14.15,0.25,23.89,24.12,0.23000000000000043,28.84,29.09,0.25 HTTP/1.1" 200 -
"GET /cmaf/live-ull/2006350/akambr/1705885202/init-stream_7.m4s?stall=stall,1.80,3.13,1.3299999999999998,3.43,3.68,0.25,8.91,9.17,0.2599999999999998,13.90,14.15,0.25,23.89,24.12,0.23000000000000043,28.84,29.09,0.25,43.22,43.47,0.25 HTTP/1.1" 200 -
